from numpy import *
import numpy as np

data = mat([[.1,2,3,4],[2,.3,4,5],[3,4,.5,6],[4,5,6,.7]])
U,sigma,VT = np.linalg.svd(data)


print('U=',U)

print('sigma=',sigma)

print('VT=',VT)

'''输出如下:
U=
[[-0.38602958 -0.197728    0.30708618 -0.84710264]
 [-0.46890255 -0.26032036  0.66756739  0.51644698]
 [-0.53450346 -0.50628583 -0.66595847  0.12033298]
 [-0.58772239  0.79800477 -0.12865138  0.0349229 ]]

Sigma= 
[12.77313522  5.72881972  3.73392743  1.71038807]

VT=
[[-0.38602958 -0.46890255 -0.53450346 -0.58772239]
 [ 0.197728    0.26032036  0.50628583 -0.79800477]
 [-0.30708618 -0.66756739  0.66595847  0.12865138]
 [ 0.84710264 -0.51644698 -0.12033298 -0.0349229 ]]
'''


